0.000000 0.000000	0
0.025000 0.000000	0
0.050000 0.000000	0
0.075000 0.000000	0
0.100000 0.000000	0
0.125000 0.000000	0
0.150000 0.000000	0
0.175000 0.000000	0
0.200000 0.000000	0
0.225000 0.000000	0
0.250000 0.000000	0
0.275000 0.000000	0
0.300000 0.000000	0
0.325000 0.000000	0
0.350000 0.000000	0
0.375000 0.000000	0
0.400000 0.000000	0
0.425000 0.000000	0
0.450000 0.000000	0
0.475000 0.000000	0
0.500000 0.000000	0
0.525000 0.000000	0
0.550000 0.000000	0
0.575000 0.000000	0
0.600000 0.000000	0
0.625000 0.000000	0
0.650000 0.000000	0
0.675000 0.000000	0
0.700000 0.000000	0
0.725000 0.000000	0
0.750000 0.000000	0
0.775000 0.000000	0
0.800000 0.000000	0
0.825000 0.000000	0
0.850000 0.000000	0
0.875000 0.000000	0
0.900000 0.000000	0
0.925000 0.000000	0
0.950000 0.000000	0
0.975000 0.000000	0
1.000000 0.000000	0

0.000000 0.025000	0
0.025000 0.025000	3.87658e-06
0.050000 0.025000	7.43262e-06
0.075000 0.025000	1.0284e-05
0.100000 0.025000	1.20808e-05
0.125000 0.025000	1.26979e-05
0.150000 0.025000	1.22631e-05
0.175000 0.025000	1.11182e-05
0.200000 0.025000	9.65518e-06
0.225000 0.025000	8.14087e-06
0.250000 0.025000	6.71789e-06
0.275000 0.025000	5.44839e-06
0.300000 0.025000	4.3504e-06
0.325000 0.025000	3.42017e-06
0.350000 0.025000	2.6444e-06
0.375000 0.025000	2.00665e-06
0.400000 0.025000	1.49059e-06
0.425000 0.025000	1.08162e-06
0.450000 0.025000	7.67829e-07
0.475000 0.025000	5.40425e-07
0.500000 0.025000	3.94111e-07
0.525000 0.025000	3.27336e-07
0.550000 0.025000	3.42528e-07
0.575000 0.025000	4.46301e-07
0.600000 0.025000	6.49621e-07
0.625000 0.025000	9.67874e-07
0.650000 0.025000	1.42074e-06
0.675000 0.025000	2.03169e-06
0.700000 0.025000	2.82663e-06
0.725000 0.025000	3.83094e-06
0.750000 0.025000	5.06329e-06
0.775000 0.025000	6.52324e-06
0.800000 0.025000	8.16809e-06
0.825000 0.025000	9.87419e-06
0.850000 0.025000	1.13869e-05
0.875000 0.025000	1.23013e-05
0.900000 0.025000	1.21933e-05
0.925000 0.025000	1.08139e-05
0.950000 0.025000	8.15024e-06
0.975000 0.025000	4.42857e-06
1.000000 0.025000	0

0.000000 0.050000	0
0.025000 0.050000	8.16022e-06
0.050000 0.050000	1.57266e-05
0.075000 0.050000	2.18358e-05
0.100000 0.050000	2.55917e-05
0.125000 0.050000	2.6715e-05
0.150000 0.050000	2.55031e-05
0.175000 0.050000	2.28093e-05
0.200000 0.050000	1.95986e-05
0.225000 0.050000	1.64064e-05
0.250000 0.050000	1.34753e-05
0.275000 0.050000	1.08941e-05
0.300000 0.050000	8.67715e-06
0.325000 0.050000	6.80548e-06
0.350000 0.050000	5.24688e-06
0.375000 0.050000	3.96593e-06
0.400000 0.050000	2.92902e-06
0.425000 0.050000	2.10677e-06
0.450000 0.050000	1.47545e-06
0.475000 0.050000	1.01768e-06
0.500000 0.050000	7.23085e-07
0.525000 0.050000	5.88695e-07
0.550000 0.050000	6.19426e-07
0.575000 0.050000	8.28476e-07
0.600000 0.050000	1.23769e-06
0.625000 0.050000	1.8778e-06
0.650000 0.050000	2.78832e-06
0.675000 0.050000	4.01696e-06
0.700000 0.050000	5.61774e-06
0.725000 0.050000	7.64653e-06
0.750000 0.050000	1.01514e-05
0.775000 0.050000	1.31518e-05
0.800000 0.050000	1.65964e-05
0.825000 0.050000	2.02799e-05
0.850000 0.050000	2.36994e-05
0.875000 0.050000	2.59013e-05
0.900000 0.050000	2.5839e-05
0.925000 0.050000	2.29648e-05
0.950000 0.050000	1.72676e-05
0.975000 0.050000	9.33344e-06
1.000000 0.050000	0

0.000000 0.075000	0
0.025000 0.075000	1.32036e-05
0.050000 0.075000	2.57747e-05
0.075000 0.075000	3.61415e-05
0.100000 0.075000	4.21995e-05
0.125000 0.075000	4.35524e-05
0.150000 0.075000	4.06965e-05
0.175000 0.075000	3.5456e-05
0.200000 0.075000	2.99247e-05
0.225000 0.075000	2.47713e-05
0.250000 0.075000	2.02011e-05
0.275000 0.075000	1.62506e-05
0.300000 0.075000	1.28906e-05
0.325000 0.075000	1.00676e-05
0.350000 0.075000	7.72158e-06
0.375000 0.075000	5.79438e-06
0.400000 0.075000	4.23371e-06
0.425000 0.075000	2.99517e-06
0.450000 0.075000	2.04339e-06
0.475000 0.075000	1.35277e-06
0.500000 0.075000	9.08136e-07
0.525000 0.075000	7.05308e-07
0.550000 0.075000	7.51749e-07
0.575000 0.075000	1.06717e-06
0.600000 0.075000	1.68415e-06
0.625000 0.075000	2.64862e-06
0.650000 0.075000	4.02016e-06
0.675000 0.075000	5.87189e-06
0.700000 0.075000	8.28929e-06
0.725000 0.075000	1.13669e-05
0.750000 0.075000	1.52004e-05
0.775000 0.075000	1.98676e-05
0.800000 0.075000	2.53831e-05
0.825000 0.075000	3.15873e-05
0.850000 0.075000	3.78544e-05
0.875000 0.075000	4.22861e-05
0.900000 0.075000	4.26146e-05
0.925000 0.075000	3.79883e-05
0.950000 0.075000	2.83768e-05
0.975000 0.075000	1.51174e-05
1.000000 0.075000	0

0.000000 0.100000	0
0.025000 0.100000	1.91313e-05
0.050000 0.100000	3.84822e-05
0.075000 0.100000	5.53743e-05
0.100000 0.100000	6.42204e-05
0.125000 0.100000	6.53226e-05
0.150000 0.100000	5.89549e-05
0.175000 0.100000	4.90066e-05
0.200000 0.100000	4.04254e-05
0.225000 0.100000	3.30452e-05
0.250000 0.100000	2.67385e-05
0.275000 0.100000	2.13862e-05
0.300000 0.100000	1.68754e-05
0.325000 0.100000	1.31015e-05
0.350000 0.100000	9.96985e-06
0.375000 0.100000	7.39721e-06
0.400000 0.100000	5.31212e-06
0.425000 0.100000	3.65548e-06
0.450000 0.100000	2.3809e-06
0.475000 0.100000	1.45517e-06
0.500000 0.100000	8.58796e-07
0.525000 0.100000	5.86692e-07
0.550000 0.100000	6.48919e-07
0.575000 0.100000	1.07154e-06
0.600000 0.100000	1.89746e-06
0.625000 0.100000	3.18739e-06
0.650000 0.100000	5.02065e-06
0.675000 0.100000	7.49612e-06
0.700000 0.100000	1.0733e-05
0.725000 0.100000	1.4871e-05
0.750000 0.100000	2.00704e-05
0.775000 0.100000	2.65081e-05
0.800000 0.100000	3.43687e-05
0.825000 0.100000	4.38108e-05
0.850000 0.100000	5.48422e-05
0.875000 0.100000	6.36167e-05
0.900000 0.100000	6.48374e-05
0.925000 0.100000	5.80381e-05
0.950000 0.100000	4.26808e-05
0.975000 0.100000	2.1878e-05
1.000000 0.100000	0

0.000000 0.125000	0
0.025000 0.125000	2.51841e-05
0.050000 0.125000	5.20325e-05
0.075000 0.125000	7.50773e-05
0.100000 0.125000	8.65173e-05
0.125000 0.125000	8.709e-05
0.150000 0.125000	7.6318e-05
0.175000 0.125000	6.19525e-05
0.200000 0.125000	5.04095e-05
0.225000 0.125000	4.08527e-05
0.250000 0.125000	3.28497e-05
0.275000 0.125000	2.61288e-05
0.300000 0.125000	2.04926e-05
0.325000 0.125000	1.57855e-05
0.350000 0.125000	1.18791e-05
0.375000 0.125000	8.66628e-06
0.400000 0.125000	6.05805e-06
0.425000 0.125000	3.9821e-06
0.450000 0.125000	2.38238e-06
0.475000 0.125000	1.21908e-06
0.500000 0.125000	4.69128e-07
0.525000 0.125000	1.2689e-07
0.550000 0.125000	2.05077e-07
0.575000 0.125000	7.35771e-07
0.600000 0.125000	1.77156e-06
0.625000 0.125000	3.38683e-06
0.650000 0.125000	5.67932e-06
0.675000 0.125000	8.77217e-06
0.700000 0.125000	1.28169e-05
0.725000 0.125000	1.79983e-05
0.750000 0.125000	2.45429e-05
0.775000 0.125000	3.27367e-05
0.800000 0.125000	4.29656e-05
0.825000 0.125000	5.58268e-05
0.850000 0.125000	7.24765e-05
0.875000 0.125000	8.53032e-05
0.900000 0.125000	8.73262e-05
0.925000 0.125000	7.8192e-05
0.950000 0.125000	5.63124e-05
0.975000 0.125000	2.83869e-05
1.000000 0.125000	0

0.000000 0.150000	0
0.025000 0.150000	3.00028e-05
0.050000 0.150000	6.17387e-05
0.075000 0.150000	8.86929e-05
0.100000 0.150000	0.000102106
0.125000 0.150000	0.000102594
0.150000 0.150000	8.9843e-05
0.175000 0.150000	7.29595e-05
0.200000 0.150000	5.92018e-05
0.225000 0.150000	4.78081e-05
0.250000 0.150000	3.82849e-05
0.275000 0.150000	3.02953e-05
0.300000 0.150000	2.35928e-05
0.325000 0.150000	1.79868e-05
0.350000 0.150000	1.33241e-05
0.375000 0.150000	9.47917e-06
0.400000 0.150000	6.34947e-06
0.425000 0.150000	3.85234e-06
0.450000 0.150000	1.92412e-06
0.475000 0.150000	5.19931e-07
0.500000 0.150000	-3.85937e-07
0.525000 0.150000	-7.99162e-07
0.550000 0.150000	-7.0437e-07
0.575000 0.150000	-6.39358e-08
0.600000 0.150000	1.18335e-06
0.625000 0.150000	3.12386e-06
0.650000 0.150000	5.87117e-06
0.675000 0.150000	9.56894e-06
0.700000 0.150000	1.43956e-05
0.725000 0.150000	2.05719e-05
0.750000 0.150000	2.83743e-05
0.775000 0.150000	3.816e-05
0.800000 0.150000	5.04148e-05
0.825000 0.150000	6.58475e-05
0.850000 0.150000	8.55637e-05
0.875000 0.150000	0.000100607
0.900000 0.150000	0.000103027
0.925000 0.150000	9.21793e-05
0.950000 0.150000	6.64161e-05
0.975000 0.150000	3.36011e-05
1.000000 0.150000	0

0.000000 0.175000	0
0.025000 0.175000	3.35787e-05
0.050000 0.175000	6.86779e-05
0.075000 0.175000	9.82805e-05
0.100000 0.175000	0.000113172
0.125000 0.175000	0.000113851
0.150000 0.175000	0.000100178
0.175000 0.175000	8.18243e-05
0.200000 0.175000	6.65123e-05
0.225000 0.175000	5.36675e-05
0.250000 0.175000	4.28491e-05
0.275000 0.175000	3.37227e-05
0.300000 0.175000	2.60303e-05
0.325000 0.175000	1.95674e-05
0.350000 0.175000	1.41686e-05
0.375000 0.175000	9.69861e-06
0.400000 0.175000	6.04658e-06
0.425000 0.175000	3.12354e-06
0.450000 0.175000	8.60991e-07
0.475000 0.175000	-7.89201e-07
0.500000 0.175000	-1.8542e-06
0.525000 0.175000	-2.33917e-06
0.550000 0.175000	-2.22608e-06
0.575000 0.175000	-1.47236e-06
0.600000 0.175000	-9.51044e-09
0.625000 0.175000	2.25857e-06
0.650000 0.175000	5.45771e-06
0.675000 0.175000	9.74674e-06
0.700000 0.175000	1.53226e-05
0.725000 0.175000	2.24286e-05
0.750000 0.175000	3.13681e-05
0.775000 0.175000	4.25263e-05
0.800000 0.175000	5.6406e-05
0.825000 0.175000	7.36784e-05
0.850000 0.175000	9.52404e-05
0.875000 0.175000	0.00011154
0.900000 0.175000	0.0001141
0.925000 0.175000	0.000102037
0.950000 0.175000	7.37372e-05
0.975000 0.175000	3.75073e-05
1.000000 0.175000	0

0.000000 0.200000	0
0.025000 0.200000	3.61683e-05
0.050000 0.200000	7.36363e-05
0.075000 0.200000	0.000105099
0.100000 0.200000	0.000121102
0.125000 0.200000	0.000122067
0.150000 0.200000	0.000107957
0.175000 0.200000	8.87084e-05
0.200000 0.200000	7.23025e-05
0.225000 0.200000	5.83255e-05
0.250000 0.200000	4.64178e-05
0.275000 0.200000	3.62809e-05
0.300000 0.200000	2.76708e-05
0.325000 0.200000	2.03877e-05
0.350000 0.200000	1.42666e-05
0.375000 0.200000	9.17134e-06
0.400000 0.200000	4.98948e-06
0.425000 0.200000	1.63014e-06
0.450000 0.200000	-9.76952e-07
0.475000 0.200000	-2.88113e-06
0.500000 0.200000	-4.10979e-06
0.525000 0.200000	-4.66702e-06
0.550000 0.200000	-4.53212e-06
0.575000 0.200000	-3.65822e-06
0.600000 0.200000	-1.97098e-06
0.625000 0.200000	6.32865e-07
0.650000 0.200000	4.28737e-06
0.675000 0.200000	9.16028e-06
0.700000 0.200000	1.54578e-05
0.725000 0.200000	2.3432e-05
0.750000 0.200000	3.33923e-05
0.775000 0.200000	4.57213e-05
0.800000 0.200000	6.08957e-05
0.825000 0.200000	7.95082e-05
0.850000 0.200000	0.000102277
0.875000 0.200000	0.000119339
0.900000 0.200000	0.000121927
0.925000 0.200000	0.000109005
0.950000 0.200000	7.89754e-05
0.975000 0.200000	4.03444e-05
1.000000 0.200000	0

0.000000 0.225000	0
0.025000 0.225000	3.80244e-05
0.050000 0.225000	7.71743e-05
0.075000 0.225000	0.000109962
0.100000 0.225000	0.000126792
0.125000 0.225000	0.000128034
0.150000 0.225000	0.000113702
0.175000 0.225000	9.38655e-05
0.200000 0.225000	7.66529e-05
0.225000 0.225000	6.17664e-05
0.250000 0.225000	4.89226e-05
0.275000 0.225000	3.78694e-05
0.300000 0.225000	2.83912e-05
0.325000 0.225000	2.03057e-05
0.350000 0.225000	1.346e-05
0.375000 0.225000	7.72562e-06
0.400000 0.225000	2.99504e-06
0.425000 0.225000	-8.19889e-07
0.450000 0.225000	-3.78812e-06
0.475000 0.225000	-5.95827e-06
0.500000 0.225000	-7.35686e-06
0.525000 0.225000	-7.98636e-06
0.550000 0.225000	-7.82339e-06
0.575000 0.225000	-6.81736e-06
0.600000 0.225000	-4.8894e-06
0.625000 0.225000	-1.93157e-06
0.650000 0.225000	2.19429e-06
0.675000 0.225000	7.65859e-06
0.700000 0.225000	1.46677e-05
0.725000 0.225000	2.34703e-05
0.750000 0.225000	3.43659e-05
0.775000 0.225000	4.77161e-05
0.800000 0.225000	6.39554e-05
0.825000 0.225000	8.35978e-05
0.850000 0.225000	0.00010723
0.875000 0.225000	0.000124812
0.900000 0.225000	0.00012741
0.925000 0.225000	0.000113895
0.950000 0.225000	8.26758e-05
0.975000 0.225000	4.23636e-05
1.000000 0.225000	0

0.000000 0.250000	0
0.025000 0.250000	3.9344e-05
0.050000 0.250000	7.96858e-05
0.075000 0.250000	0.000113415
0.100000 0.250000	0.000130843
0.125000 0.250000	0.0001323
0.150000 0.250000	0.000117822
0.175000 0.250000	9.75465e-05
0.200000 0.250000	7.96857e-05
0.225000 0.250000	6.40208e-05
0.250000 0.250000	5.03301e-05
0.275000 0.250000	3.84081e-05
0.300000 0.250000	2.80741e-05
0.325000 0.250000	1.91737e-05
0.350000 0.250000	1.15755e-05
0.375000 0.250000	5.16723e-06
0.400000 0.250000	-1.47275e-07
0.425000 0.250000	-4.44918e-06
0.450000 0.250000	-7.80348e-06
0.475000 0.250000	-1.02566e-05
0.500000 0.250000	-1.18334e-05
0.525000 0.250000	-1.25343e-05
0.550000 0.250000	-1.23333e-05
0.575000 0.250000	-1.11764e-05
0.600000 0.250000	-8.98096e-06
0.625000 0.250000	-5.63652e-06
0.650000 0.250000	-1.00444e-06
0.675000 0.250000	5.08233e-06
0.700000 0.250000	1.28218e-05
0.725000 0.250000	2.24483e-05
0.750000 0.250000	3.42395e-05
0.775000 0.250000	4.85256e-05
0.800000 0.250000	6.56945e-05
0.825000 0.250000	8.61929e-05
0.850000 0.250000	0.000110515
0.875000 0.250000	0.000128513
0.900000 0.250000	0.000131156
0.925000 0.250000	0.00011726
0.950000 0.250000	8.52398e-05
0.975000 0.250000	4.37703e-05
1.000000 0.250000	0

0.000000 0.275000	0
0.025000 0.275000	4.0271e-05
0.050000 0.275000	8.14472e-05
0.075000 0.275000	0.00011583
0.100000 0.275000	0.000133668
0.125000 0.275000	0.000135256
0.150000 0.275000	0.000120635
0.175000 0.275000	9.9972e-05
0.200000 0.275000	8.15295e-05
0.225000 0.275000	6.51387e-05
0.250000 0.275000	5.06252e-05
0.275000 0.275000	3.78266e-05
0.300000 0.275000	2.66015e-05
0.325000 0.275000	1.6832e-05
0.350000 0.275000	8.41847e-06
0.375000 0.275000	1.27375e-06
0.400000 0.275000	-4.68093e-06
0.425000 0.275000	-9.51611e-06
0.450000 0.275000	-1.32912e-05
0.475000 0.275000	-1.60498e-05
0.500000 0.275000	-1.7815e-05
0.525000 0.275000	-1.85854e-05
0.550000 0.275000	-1.83318e-05
0.575000 0.275000	-1.69967e-05
0.600000 0.275000	-1.4494e-05
0.625000 0.275000	-1.07115e-05
0.650000 0.275000	-5.51302e-06
0.675000 0.275000	1.25976e-06
0.700000 0.275000	9.78788e-06
0.725000 0.275000	2.02801e-05
0.750000 0.275000	3.29818e-05
0.775000 0.275000	4.81838e-05
0.800000 0.275000	6.62282e-05
0.825000 0.275000	8.75061e-05
0.850000 0.275000	0.000112448
0.875000 0.275000	0.000130837
0.900000 0.275000	0.000133589
0.925000 0.275000	0.000119488
0.950000 0.275000	8.69583e-05
0.975000 0.275000	4.47198e-05
1.000000 0.275000	0

0.000000 0.300000	0
0.025000 0.300000	4.0909e-05
0.050000 0.300000	8.26544e-05
0.075000 0.300000	0.000117474
0.100000 0.300000	0.000135563
0.125000 0.300000	0.000137191
0.150000 0.300000	0.000122387
0.175000 0.300000	0.000101331
0.200000 0.300000	8.23068e-05
0.225000 0.300000	6.51773e-05
0.250000 0.300000	4.98021e-05
0.275000 0.300000	3.60578e-05
0.300000 0.300000	2.38478e-05
0.325000 0.300000	1.31018e-05
0.350000 0.300000	3.76527e-06
0.375000 0.300000	-4.21337e-06
0.400000 0.300000	-1.08895e-05
0.425000 0.300000	-1.6321e-05
0.450000 0.300000	-2.05617e-05
0.475000 0.300000	-2.36536e-05
0.500000 0.300000	-2.56191e-05
0.525000 0.300000	-2.64552e-05
0.550000 0.300000	-2.61295e-05
0.575000 0.300000	-2.45796e-05
0.600000 0.300000	-2.17147e-05
0.625000 0.300000	-1.74199e-05
0.650000 0.300000	-1.15626e-05
0.675000 0.300000	-3.99816e-06
0.700000 0.300000	5.42789e-06
0.725000 0.300000	1.68854e-05
0.750000 0.300000	3.05736e-05
0.775000 0.300000	4.67362e-05
0.800000 0.300000	6.56698e-05
0.825000 0.300000	8.77212e-05
0.850000 0.300000	0.000113277
0.875000 0.300000	0.000132081
0.900000 0.300000	0.000135017
0.925000 0.300000	0.00012086
0.950000 0.300000	8.80437e-05
0.975000 0.300000	4.53276e-05
1.000000 0.300000	0

0.000000 0.325000	0
0.025000 0.325000	4.13332e-05
0.050000 0.325000	8.34497e-05
0.075000 0.325000	0.000118537
0.100000 0.325000	0.000136749
0.125000 0.325000	0.000138326
0.150000 0.325000	0.00012328
0.175000 0.325000	0.000101787
0.200000 0.325000	8.21359e-05
0.225000 0.325000	6.42006e-05
0.250000 0.325000	4.78633e-05
0.275000 0.325000	3.30361e-05
0.300000 0.325000	1.96749e-05
0.325000 0.325000	7.77633e-06
0.350000 0.325000	-2.64776e-06
0.375000 0.325000	-1.15996e-05
0.400000 0.325000	-1.91062e-05
0.425000 0.325000	-2.52135e-05
0.450000 0.325000	-2.99734e-05
0.475000 0.325000	-3.34303e-05
0.500000 0.325000	-3.56085e-05
0.525000 0.325000	-3.65046e-05
0.550000 0.325000	-3.60823e-05
0.575000 0.325000	-3.42719e-05
0.600000 0.325000	-3.09739e-05
0.625000 0.325000	-2.60669e-05
0.650000 0.325000	-1.94195e-05
0.675000 0.325000	-1.09038e-05
0.700000 0.325000	-4.03949e-07
0.725000 0.325000	1.21904e-05
0.750000 0.325000	2.70109e-05
0.775000 0.325000	4.42426e-05
0.800000 0.325000	6.41365e-05
0.825000 0.325000	8.70057e-05
0.850000 0.325000	0.000113211
0.875000 0.325000	0.000132476
0.900000 0.325000	0.000135676
0.925000 0.325000	0.000121585
0.950000 0.325000	8.86553e-05
0.975000 0.325000	4.56805e-05
1.000000 0.325000	0

0.000000 0.350000	0
0.025000 0.350000	4.15994e-05
0.050000 0.350000	8.39393e-05
0.075000 0.350000	0.000119166
0.100000 0.350000	0.000137397
0.125000 0.350000	0.000138842
0.150000 0.350000	0.000123489
0.175000 0.350000	0.000101497
0.200000 0.350000	8.11413e-05
0.225000 0.350000	6.22896e-05
0.250000 0.350000	4.48296e-05
0.275000 0.350000	2.8702e-05
0.300000 0.350000	1.39285e-05
0.325000 0.350000	6.08475e-07
0.350000 0.350000	-1.11408e-05
0.375000 0.350000	-2.12532e-05
0.400000 0.350000	-2.97261e-05
0.425000 0.350000	-3.66015e-05
0.450000 0.350000	-4.19391e-05
0.475000 0.350000	-4.57929e-05
0.500000 0.350000	-4.81948e-05
0.525000 0.350000	-4.91429e-05
0.550000 0.350000	-4.85959e-05
0.575000 0.350000	-4.64725e-05
0.600000 0.350000	-4.26571e-05
0.625000 0.350000	-3.70119e-05
0.650000 0.350000	-2.93978e-05
0.675000 0.350000	-1.97019e-05
0.700000 0.350000	-7.86169e-06
0.725000 0.350000	6.13686e-06
0.750000 0.350000	2.23186e-05
0.775000 0.350000	4.07912e-05
0.800000 0.350000	6.1763e-05
0.825000 0.350000	8.55275e-05
0.850000 0.350000	0.000112439
0.875000 0.350000	0.000132222
0.900000 0.350000	0.000135756
0.925000 0.350000	0.00012183
0.950000 0.350000	8.89173e-05
0.975000 0.350000	4.5846e-05
1.000000 0.350000	0

0.000000 0.375000	0
0.025000 0.375000	4.17509e-05
0.050000 0.375000	8.42062e-05
0.075000 0.375000	0.000119477
0.100000 0.375000	0.000137647
0.125000 0.375000	0.000138894
0.150000 0.375000	0.000123176
0.175000 0.375000	0.000100621
0.200000 0.375000	7.94707e-05
0.225000 0.375000	5.95625e-05
0.250000 0.375000	4.07616e-05
0.275000 0.375000	2.3019e-05
0.300000 0.375000	6.43602e-06
0.325000 0.375000	-8.71136e-06
0.350000 0.375000	-2.21183e-05
0.375000 0.375000	-3.36285e-05
0.400000 0.375000	-4.32231e-05
0.425000 0.375000	-5.09615e-05
0.450000 0.375000	-5.69304e-05
0.475000 0.375000	-6.12076e-05
0.500000 0.375000	-6.384e-05
0.525000 0.375000	-6.48302e-05
0.550000 0.375000	-6.41302e-05
0.575000 0.375000	-6.16408e-05
0.600000 0.375000	-5.72175e-05
0.625000 0.375000	-5.06877e-05
0.650000 0.375000	-4.18821e-05
0.675000 0.375000	-3.06863e-05
0.700000 0.375000	-1.71061e-05
0.725000 0.375000	-1.29646e-06
0.750000 0.375000	1.65779e-05
0.775000 0.375000	3.65242e-05
0.800000 0.375000	5.87222e-05
0.825000 0.375000	8.34729e-05
0.850000 0.375000	0.000111149
0.875000 0.375000	0.000131499
0.900000 0.375000	0.000135422
0.925000 0.375000	0.000121733
0.950000 0.375000	8.89312e-05
0.975000 0.375000	4.58785e-05
1.000000 0.375000	0

0.000000 0.400000	0
0.025000 0.400000	4.18223e-05
0.050000 0.400000	8.43181e-05
0.075000 0.400000	0.000119567
0.100000 0.400000	0.000137622
0.125000 0.400000	0.000138628
0.150000 0.400000	0.000122506
0.175000 0.400000	9.9339e-05
0.200000 0.400000	7.73164e-05
0.225000 0.400000	5.62073e-05
0.250000 0.400000	3.58047e-05
0.275000 0.400000	1.60135e-05
0.300000 0.400000	-2.99465e-06
0.325000 0.400000	-2.06014e-05
0.350000 0.400000	-3.61185e-05
0.375000 0.400000	-4.93014e-05
0.400000 0.400000	-6.0169e-05
0.425000 0.400000	-6.88473e-05
0.450000 0.400000	-7.54822e-05
0.475000 0.400000	-8.01943e-05
0.500000 0.400000	-8.30556e-05
0.525000 0.400000	-8.40769e-05
0.550000 0.400000	-8.32013e-05
0.575000 0.400000	-8.03031e-05
0.600000 0.400000	-7.51918e-05
0.625000 0.400000	-6.76292e-05
0.650000 0.400000	-5.73684e-05
0.675000 0.400000	-4.42388e-05
0.700000 0.400000	-2.83022e-05
0.725000 0.400000	-1.00455e-05
0.750000 0.400000	9.9791e-06
0.775000 0.400000	3.16759e-05
0.800000 0.400000	5.52505e-05
0.825000 0.400000	8.10627e-05
0.850000 0.400000	0.000109543
0.875000 0.400000	0.000130485
0.900000 0.400000	0.000134827
0.925000 0.400000	0.000121416
0.950000 0.400000	8.87836e-05
0.975000 0.400000	4.58239e-05
1.000000 0.400000	0

0.000000 0.425000	0
0.025000 0.425000	4.18422e-05
0.050000 0.425000	8.43315e-05
0.075000 0.425000	0.000119521
0.100000 0.425000	0.000137435
0.125000 0.425000	0.000138184
0.150000 0.425000	0.000121651
0.175000 0.425000	9.78645e-05
0.200000 0.425000	7.49373e-05
0.225000 0.425000	5.25278e-05
0.250000 0.425000	3.02715e-05
0.275000 0.425000	7.87895e-06
0.300000 0.425000	-1.45706e-05
0.325000 0.425000	-3.5704e-05
0.350000 0.425000	-5.39051e-05
0.375000 0.425000	-6.90169e-05
0.400000 0.425000	-8.12537e-05
0.425000 0.425000	-9.08952e-05
0.450000 0.425000	-9.81899e-05
0.475000 0.425000	-0.000103322
0.500000 0.425000	-0.000106398
0.525000 0.425000	-0.00010744
0.550000 0.425000	-0.00010638
0.575000 0.425000	-0.000103057
0.600000 0.425000	-9.72173e-05
0.625000 0.425000	-8.85146e-05
0.650000 0.425000	-7.65427e-05
0.675000 0.425000	-6.09269e-05
0.700000 0.425000	-4.16178e-05
0.725000 0.425000	-1.98398e-05
0.750000 0.425000	2.91861e-06
0.775000 0.425000	2.66257e-05
0.800000 0.425000	5.16709e-05
0.825000 0.425000	7.8563e-05
0.850000 0.425000	0.000107837
0.875000 0.425000	0.000129357
0.900000 0.425000	0.000134114
0.925000 0.425000	0.00012099
0.950000 0.425000	8.85504e-05
0.975000 0.425000	4.57217e-05
1.000000 0.425000	0

0.000000 0.450000	0
0.025000 0.450000	4.18342e-05
0.050000 0.450000	8.42942e-05
0.075000 0.450000	0.000119411
0.100000 0.450000	0.000137185
0.125000 0.450000	0.000137697
0.150000 0.450000	0.000120791
0.175000 0.450000	9.64394e-05
0.200000 0.450000	7.26681e-05
0.225000 0.450000	4.89898e-05
0.250000 0.450000	2.47817e-05
0.275000 0.450000	-7.34889e-07
0.300000 0.450000	-2.84869e-05
0.325000 0.450000	-5.52205e-05
0.350000 0.450000	-7.66222e-05
0.375000 0.450000	-9.37355e-05
0.400000 0.450000	-0.000107288
0.425000 0.450000	-0.000117814
0.450000 0.450000	-0.000125698
0.475000 0.450000	-0.000131198
0.500000 0.450000	-0.000134459
0.525000 0.450000	-0.000135513
0.550000 0.450000	-0.000134282
0.575000 0.450000	-0.000130567
0.600000 0.450000	-0.000124038
0.625000 0.450000	-0.000114209
0.650000 0.450000	-0.000100416
0.675000 0.450000	-8.17867e-05
0.700000 0.450000	-5.72397e-05
0.725000 0.450000	-2.98554e-05
0.750000 0.450000	-3.84018e-06
0.775000 0.450000	2.19465e-05
0.800000 0.450000	4.83989e-05
0.825000 0.450000	7.62786e-05
0.850000 0.450000	0.00010626
0.875000 0.450000	0.000128291
0.900000 0.450000	0.000133414
0.925000 0.450000	0.000120551
0.950000 0.450000	8.82975e-05
0.975000 0.450000	4.56056e-05
1.000000 0.450000	0

0.000000 0.475000	0
0.025000 0.475000	4.18172e-05
0.050000 0.475000	8.42449e-05
0.075000 0.475000	0.000119298
0.100000 0.475000	0.000136959
0.125000 0.475000	0.000137287
0.150000 0.475000	0.000120096
0.175000 0.475000	9.53128e-05
0.200000 0.475000	7.0891e-05
0.225000 0.475000	4.62131e-05
0.250000 0.475000	2.0408e-05
0.275000 0.475000	-7.81953e-06
0.300000 0.475000	-4.05892e-05
0.325000 0.475000	-7.15394e-05
0.350000 0.475000	-9.54422e-05
0.375000 0.475000	-0.000114106
0.400000 0.475000	-0.000128661
0.425000 0.475000	-0.000139852
0.450000 0.475000	-0.000148175
0.475000 0.475000	-0.000153949
0.500000 0.475000	-0.000157345
0.525000 0.475000	-0.000158408
0.550000 0.475000	-0.000157047
0.575000 0.475000	-0.000153034
0.600000 0.475000	-0.000145974
0.625000 0.475000	-0.000135255
0.650000 0.475000	-0.000119968
0.675000 0.475000	-9.8715e-05
0.700000 0.475000	-6.91957e-05
0.725000 0.475000	-3.7583e-05
0.750000 0.475000	-9.02195e-06
0.775000 0.475000	1.83742e-05
0.800000 0.475000	4.58968e-05
0.825000 0.475000	7.45184e-05
0.850000 0.475000	0.000105029
0.875000 0.475000	0.000127443
0.900000 0.475000	0.000132845
0.925000 0.475000	0.000120184
0.950000 0.475000	8.80796e-05
0.975000 0.475000	4.55032e-05
1.000000 0.475000	0

0.000000 0.500000	0
0.025000 0.500000	4.18051e-05
0.050000 0.500000	8.4212e-05
0.075000 0.500000	0.000119227
0.100000 0.500000	0.000136823
0.125000 0.500000	0.000137048
0.150000 0.500000	0.000119702
0.175000 0.500000	9.46915e-05
0.200000 0.500000	6.99387e-05
0.225000 0.500000	4.47724e-05
0.250000 0.500000	1.8229e-05
0.275000 0.500000	-1.11339e-05
0.300000 0.500000	-4.55508e-05
0.325000 0.500000	-7.79332e-05
0.350000 0.500000	-0.000102823
0.375000 0.500000	-0.000122155
0.400000 0.500000	-0.000137171
0.425000 0.500000	-0.000148685
0.450000 0.500000	-0.000157231
0.475000 0.500000	-0.000163148
0.500000 0.500000	-0.00016662
0.525000 0.500000	-0.00016769
0.550000 0.500000	-0.000166267
0.575000 0.500000	-0.000162105
0.600000 0.500000	-0.000154783
0.625000 0.500000	-0.000143639
0.650000 0.500000	-0.000127669
0.675000 0.500000	-0.000105326
0.700000 0.500000	-7.41779e-05
0.725000 0.500000	-4.11273e-05
0.750000 0.500000	-1.15606e-05
0.775000 0.500000	1.65299e-05
0.800000 0.500000	4.45467e-05
0.825000 0.500000	7.35312e-05
0.850000 0.500000	0.000104314
0.875000 0.500000	0.000126934
0.900000 0.500000	0.000132492
0.925000 0.500000	0.00011995
0.950000 0.500000	8.7937e-05
0.975000 0.500000	4.5435e-05
1.000000 0.500000	0

0.000000 0.525000	0
0.025000 0.525000	4.18059e-05
0.050000 0.525000	8.42119e-05
0.075000 0.525000	0.000119224
0.100000 0.525000	0.000136814
0.125000 0.525000	0.000137033
0.150000 0.525000	0.000119684
0.175000 0.525000	9.46869e-05
0.200000 0.525000	6.9983e-05
0.225000 0.525000	4.49442e-05
0.250000 0.525000	1.86888e-05
0.275000 0.525000	-1.00777e-05
0.300000 0.525000	-4.34105e-05
0.325000 0.525000	-7.45789e-05
0.350000 0.525000	-9.87564e-05
0.375000 0.525000	-0.000117725
0.400000 0.525000	-0.00013257
0.425000 0.525000	-0.000144011
0.450000 0.525000	-0.000152533
0.475000 0.525000	-0.000158448
0.500000 0.525000	-0.000161926
0.525000 0.525000	-0.000163008
0.550000 0.525000	-0.0001616
0.575000 0.525000	-0.000157467
0.600000 0.525000	-0.000150206
0.625000 0.525000	-0.000139197
0.650000 0.525000	-0.000123516
0.675000 0.525000	-0.000101764
0.700000 0.525000	-7.16933e-05
0.725000 0.525000	-3.98603e-05
0.750000 0.525000	-1.10204e-05
0.775000 0.525000	1.6695e-05
0.800000 0.525000	4.45338e-05
0.825000 0.525000	7.34442e-05
0.850000 0.525000	0.000104206
0.875000 0.525000	0.000126831
0.900000 0.525000	0.000132406
0.925000 0.525000	0.000119885
0.950000 0.525000	8.7893e-05
0.975000 0.525000	4.54127e-05
1.000000 0.525000	0

0.000000 0.550000	0
0.025000 0.550000	4.18211e-05
0.050000 0.550000	8.42479e-05
0.075000 0.550000	0.000119293
0.100000 0.550000	0.000136937
0.125000 0.550000	0.000137246
0.150000 0.550000	0.000120044
0.175000 0.550000	9.52878e-05
0.200000 0.550000	7.09871e-05
0.225000 0.550000	4.66362e-05
0.250000 0.550000	2.15935e-05
0.275000 0.550000	-4.9456e-06
0.300000 0.550000	-3.39788e-05
0.325000 0.550000	-6.05327e-05
0.350000 0.550000	-8.23839e-05
0.375000 0.550000	-0.00010008
0.400000 0.550000	-0.000114194
0.425000 0.550000	-0.000125203
0.450000 0.550000	-0.000133471
0.475000 0.550000	-0.000139245
0.500000 0.550000	-0.000142666
0.525000 0.550000	-0.00014376
0.550000 0.550000	-0.000142442
0.575000 0.550000	-0.000138504
0.600000 0.550000	-0.000131602
0.625000 0.550000	-0.000121234
0.650000 0.550000	-0.000106715
0.675000 0.550000	-8.714e-05
0.700000 0.550000	-6.13384e-05
0.725000 0.550000	-3.41342e-05
0.750000 0.550000	-7.66285e-06
0.775000 0.550000	1.87343e-05
0.800000 0.550000	4.5798e-05
0.825000 0.550000	7.4235e-05
0.850000 0.550000	0.0001047
0.875000 0.550000	0.000127137
0.900000 0.550000	0.000132591
0.925000 0.550000	0.000119993
0.950000 0.550000	8.79522e-05
0.975000 0.550000	4.54387e-05
1.000000 0.550000	0

0.000000 0.575000	0
0.025000 0.575000	4.1846e-05
0.050000 0.575000	8.43097e-05
0.075000 0.575000	0.000119417
0.100000 0.575000	0.000137165
0.125000 0.575000	0.000137643
0.150000 0.575000	0.000120708
0.175000 0.575000	9.63704e-05
0.200000 0.575000	7.27255e-05
0.225000 0.575000	4.94182e-05
0.250000 0.575000	2.60806e-05
0.275000 0.575000	2.44668e-06
0.300000 0.575000	-2.12939e-05
0.325000 0.575000	-4.33399e-05
0.350000 0.575000	-6.2465e-05
0.375000 0.575000	-7.84741e-05
0.400000 0.575000	-9.15219e-05
0.425000 0.575000	-0.000101851
0.450000 0.575000	-0.000109692
0.475000 0.575000	-0.000115216
0.500000 0.575000	-0.000118524
0.525000 0.575000	-0.000119629
0.550000 0.575000	-0.000118456
0.575000 0.575000	-0.000114833
0.600000 0.575000	-0.000108493
0.625000 0.575000	-9.9079e-05
0.650000 0.575000	-8.61766e-05
0.675000 0.575000	-6.9427e-05
0.700000 0.575000	-4.88783e-05
0.725000 0.575000	-2.62004e-05
0.750000 0.575000	-2.50762e-06
0.775000 0.575000	2.21369e-05
0.800000 0.575000	4.80644e-05
0.825000 0.575000	7.57476e-05
0.850000 0.575000	0.000105704
0.875000 0.575000	0.000127794
0.900000 0.575000	0.000133012
0.925000 0.575000	0.000120252
0.950000 0.575000	8.81001e-05
0.975000 0.575000	4.55062e-05
1.000000 0.575000	0

0.000000 0.600000	0
0.025000 0.600000	4.18693e-05
0.050000 0.600000	8.4374e-05
0.075000 0.600000	0.000119558
0.100000 0.600000	0.000137443
0.125000 0.600000	0.000138142
0.150000 0.600000	0.000121554
0.175000 0.600000	9.77395e-05
0.200000 0.600000	7.48758e-05
0.225000 0.600000	5.27268e-05
0.250000 0.600000	3.10974e-05
0.275000 0.600000	9.93445e-06
0.300000 0.600000	-1.04936e-05
0.325000 0.600000	-2.9411e-05
0.350000 0.600000	-4.61619e-05
0.375000 0.600000	-6.04817e-05
0.400000 0.600000	-7.23562e-05
0.425000 0.600000	-8.1885e-05
0.450000 0.600000	-8.91957e-05
0.475000 0.600000	-9.43971e-05
0.500000 0.600000	-9.75519e-05
0.525000 0.600000	-9.86623e-05
0.550000 0.600000	-9.76627e-05
0.575000 0.600000	-9.44177e-05
0.600000 0.600000	-8.87281e-05
0.625000 0.600000	-8.03509e-05
0.650000 0.600000	-6.90464e-05
0.675000 0.600000	-5.46784e-05
0.700000 0.600000	-3.73989e-05
0.725000 0.600000	-1.78596e-05
0.750000 0.600000	3.40974e-06
0.775000 0.600000	2.62927e-05
0.800000 0.600000	5.09607e-05
0.825000 0.600000	7.7746e-05
0.850000 0.600000	0.000107062
0.875000 0.600000	0.000128697
0.900000 0.600000	0.000133594
0.925000 0.600000	0.000120612
0.950000 0.600000	8.83044e-05
0.975000 0.600000	4.55989e-05
1.000000 0.600000	0

0.000000 0.625000	0
0.025000 0.625000	4.18736e-05
0.050000 0.625000	8.44049e-05
0.075000 0.625000	0.000119662
0.100000 0.625000	0.000137691
0.125000 0.625000	0.000138635
0.150000 0.625000	0.000122428
0.175000 0.625000	9.91782e-05
0.200000 0.625000	7.71219e-05
0.225000 0.625000	5.60989e-05
0.250000 0.625000	3.5997e-05
0.275000 0.625000	1.68138e-05
0.300000 0.625000	-1.27247e-06
0.325000 0.625000	-1.7893e-05
0.350000 0.625000	-3.26988e-05
0.375000 0.625000	-4.54952e-05
0.400000 0.625000	-5.62291e-05
0.425000 0.625000	-6.4933e-05
0.450000 0.625000	-7.16737e-05
0.475000 0.625000	-7.65147e-05
0.500000 0.625000	-7.94915e-05
0.525000 0.625000	-8.05974e-05
0.550000 0.625000	-7.97757e-05
0.575000 0.625000	-7.69195e-05
0.600000 0.625000	-7.18802e-05
0.625000 0.625000	-6.44875e-05
0.650000 0.625000	-5.45878e-05
0.675000 0.625000	-4.21059e-05
0.700000 0.625000	-2.7119e-05
0.725000 0.625000	-9.87742e-06
0.750000 0.625000	9.40424e-06
0.775000 0.625000	3.06905e-05
0.800000 0.625000	5.41227e-05
0.825000 0.625000	7.99707e-05
0.850000 0.625000	0.000108587
0.875000 0.625000	0.000129708
0.900000 0.625000	0.000134237
0.925000 0.625000	0.000120997
0.950000 0.625000	8.85167e-05
0.975000 0.625000	4.56924e-05
1.000000 0.625000	0

0.000000 0.650000	0
0.025000 0.650000	4.18347e-05
0.050000 0.650000	8.43546e-05
0.075000 0.650000	0.000119655
0.100000 0.650000	0.000137811
0.125000 0.650000	0.000138993
0.150000 0.650000	0.000123168
0.175000 0.650000	0.000100477
0.200000 0.650000	7.91953e-05
0.225000 0.650000	5.92034e-05
0.250000 0.650000	4.04175e-05
0.275000 0.650000	2.28263e-05
0.300000 0.650000	6.5175e-06
0.325000 0.650000	-8.3364e-06
0.350000 0.650000	-2.1559e-05
0.375000 0.650000	-3.30359e-05
0.400000 0.650000	-4.2725e-05
0.425000 0.650000	-5.06379e-05
0.450000 0.650000	-5.68111e-05
0.475000 0.650000	-6.12815e-05
0.500000 0.650000	-6.40676e-05
0.525000 0.650000	-6.5157e-05
0.550000 0.650000	-6.45002e-05
0.575000 0.650000	-6.20105e-05
0.600000 0.650000	-5.75717e-05
0.625000 0.650000	-5.10533e-05
0.650000 0.650000	-4.23367e-05
0.675000 0.650000	-3.13474e-05
0.700000 0.650000	-1.80828e-05
0.725000 0.650000	-2.6011e-06
0.750000 0.650000	1.50596e-05
0.775000 0.650000	3.49522e-05
0.800000 0.650000	5.72379e-05
0.825000 0.650000	8.21721e-05
0.850000 0.650000	0.00011008
0.875000 0.650000	0.00013067
0.900000 0.650000	0.000134816
0.925000 0.650000	0.000121317
0.950000 0.650000	8.86737e-05
0.975000 0.650000	4.5754e-05
1.000000 0.650000	0

0.000000 0.675000	0
0.025000 0.675000	4.1721e-05
0.050000 0.675000	8.41607e-05
0.075000 0.675000	0.000119447
0.100000 0.675000	0.000137685
0.125000 0.675000	0.000139074
0.150000 0.675000	0.000123603
0.175000 0.675000	0.000101439
0.200000 0.675000	8.08761e-05
0.225000 0.675000	6.18078e-05
0.250000 0.675000	4.41514e-05
0.275000 0.675000	2.7868e-05
0.300000 0.675000	1.29742e-05
0.325000 0.675000	-4.67903e-07
0.350000 0.675000	-1.23867e-05
0.375000 0.675000	-2.27329e-05
0.400000 0.675000	-3.1491e-05
0.425000 0.675000	-3.86734e-05
0.450000 0.675000	-4.43061e-05
0.475000 0.675000	-4.84134e-05
0.500000 0.675000	-5.10048e-05
0.525000 0.675000	-5.20653e-05
0.550000 0.675000	-5.15509e-05
0.575000 0.675000	-4.9388e-05
0.600000 0.675000	-4.54791e-05
0.625000 0.675000	-3.97131e-05
0.650000 0.675000	-3.19805e-05
0.675000 0.675000	-2.21903e-05
0.700000 0.675000	-1.02784e-05
0.725000 0.675000	3.80309e-06
0.750000 0.675000	2.0123e-05
0.775000 0.675000	3.88065e-05
0.800000 0.675000	6.00507e-05
0.825000 0.675000	8.41215e-05
0.850000 0.675000	0.000111342
0.875000 0.675000	0.00013141
0.900000 0.675000	0.000135188
0.925000 0.675000	0.000121458
0.950000 0.675000	8.86965e-05
0.975000 0.675000	4.57423e-05
1.000000 0.675000	0

0.000000 0.700000	0
0.025000 0.700000	4.14913e-05
0.050000 0.700000	8.3743e-05
0.075000 0.700000	0.000118923
0.100000 0.700000	0.00013717
0.125000 0.700000	0.000138712
0.150000 0.700000	0.000123556
0.175000 0.700000	0.000101878
0.200000 0.700000	8.19764e-05
0.225000 0.700000	6.37397e-05
0.250000 0.700000	4.70691e-05
0.275000 0.700000	3.18927e-05
0.300000 0.700000	1.81725e-05
0.325000 0.700000	5.89929e-06
0.350000 0.700000	-4.9234e-06
0.375000 0.700000	-1.42959e-05
0.400000 0.700000	-2.22303e-05
0.425000 0.700000	-2.87492e-05
0.450000 0.700000	-3.38789e-05
0.475000 0.700000	-3.76396e-05
0.500000 0.700000	-4.00376e-05
0.525000 0.700000	-4.10577e-05
0.550000 0.700000	-4.06599e-05
0.575000 0.700000	-3.87789e-05
0.600000 0.700000	-3.5327e-05
0.625000 0.700000	-3.02009e-05
0.650000 0.700000	-2.32899e-05
0.675000 0.700000	-1.44836e-05
0.700000 0.700000	-3.67393e-06
0.725000 0.700000	9.25279e-06
0.750000 0.700000	2.44349e-05
0.775000 0.700000	4.20546e-05
0.800000 0.700000	6.23482e-05
0.825000 0.700000	8.5607e-05
0.850000 0.700000	0.000112169
0.875000 0.700000	0.000131742
0.900000 0.700000	0.000135188
0.925000 0.700000	0.000121284
0.950000 0.700000	8.84865e-05
0.975000 0.700000	4.56047e-05
1.000000 0.700000	0

0.000000 0.725000	0
0.025000 0.725000	4.109e-05
0.050000 0.725000	8.29951e-05
0.075000 0.725000	0.000117935
0.100000 0.725000	0.00013609
0.125000 0.725000	0.000137715
0.150000 0.725000	0.000122828
0.175000 0.725000	0.000101603
0.200000 0.725000	8.23229e-05
0.225000 0.725000	6.48566e-05
0.250000 0.725000	4.9077e-05
0.275000 0.725000	3.48762e-05
0.300000 0.725000	2.21715e-05
0.325000 0.725000	1.09035e-05
0.350000 0.725000	1.02815e-06
0.375000 0.725000	-7.49197e-06
0.400000 0.725000	-1.46931e-05
0.425000 0.725000	-2.06106e-05
0.450000 0.725000	-2.52755e-05
0.475000 0.725000	-2.87091e-05
0.500000 0.725000	-3.09177e-05
0.525000 0.725000	-3.18872e-05
0.550000 0.725000	-3.1581e-05
0.575000 0.725000	-2.99388e-05
0.600000 0.725000	-2.68783e-05
0.625000 0.725000	-2.22984e-05
0.650000 0.725000	-1.60836e-05
0.675000 0.725000	-8.10698e-06
0.700000 0.725000	1.77048e-06
0.725000 0.725000	1.37061e-05
0.750000 0.725000	2.78867e-05
0.775000 0.725000	4.45401e-05
0.800000 0.725000	6.3943e-05
0.825000 0.725000	8.64219e-05
0.850000 0.725000	0.000112346
0.875000 0.725000	0.00013145
0.900000 0.725000	0.000134616
0.925000 0.725000	0.000120624
0.950000 0.725000	8.79178e-05
0.975000 0.725000	4.52733e-05
1.000000 0.725000	0

0.000000 0.750000	0
0.025000 0.750000	4.04415e-05
0.050000 0.750000	8.17727e-05
0.075000 0.750000	0.000116283
0.100000 0.750000	0.000134209
0.125000 0.750000	0.000135835
0.150000 0.750000	0.000121181
0.175000 0.750000	0.0001004
0.200000 0.750000	8.17388e-05
0.225000 0.750000	6.50263e-05
0.250000 0.750000	5.00957e-05
0.275000 0.750000	3.68001e-05
0.300000 0.750000	2.50182e-05
0.325000 0.750000	1.46525e-05
0.350000 0.750000	5.62464e-06
0.375000 0.750000	-2.13019e-06
0.400000 0.750000	-8.66751e-06
0.425000 0.750000	-1.40344e-05
0.450000 0.750000	-1.8268e-05
0.475000 0.750000	-2.13927e-05
0.500000 0.750000	-2.34163e-05
0.525000 0.750000	-2.43268e-05
0.550000 0.750000	-2.40904e-05
0.575000 0.750000	-2.26502e-05
0.600000 0.750000	-1.9927e-05
0.625000 0.750000	-1.58205e-05
0.650000 0.750000	-1.02106e-05
0.675000 0.750000	-2.95826e-06
0.700000 0.750000	6.09665e-06
0.725000 0.750000	1.71409e-05
0.750000 0.750000	3.03962e-05
0.775000 0.750000	4.61287e-05
0.800000 0.750000	6.46559e-05
0.825000 0.750000	8.63491e-05
0.850000 0.750000	0.000111628
0.875000 0.750000	0.000130277
0.900000 0.750000	0.000133219
0.925000 0.750000	0.000119256
0.950000 0.750000	8.68241e-05
0.975000 0.750000	4.46578e-05
1.000000 0.750000	0

0.000000 0.775000	0
0.025000 0.775000	3.94398e-05
0.050000 0.775000	7.98736e-05
0.075000 0.775000	0.000113692
0.100000 0.775000	0.000131209
0.125000 0.775000	0.000132749
0.150000 0.775000	0.000118319
0.175000 0.775000	9.80211e-05
0.200000 0.775000	8.00322e-05
0.225000 0.775000	6.41151e-05
0.250000 0.775000	5.00495e-05
0.275000 0.775000	3.76464e-05
0.300000 0.775000	2.675e-05
0.325000 0.775000	1.72337e-05
0.350000 0.775000	8.99491e-06
0.375000 0.775000	1.94947e-06
0.400000 0.775000	-3.97194e-06
0.425000 0.775000	-8.82543e-06
0.450000 0.775000	-1.26536e-05
0.475000 0.775000	-1.54838e-05
0.500000 0.775000	-1.7326e-05
0.525000 0.775000	-1.81705e-05
0.550000 0.775000	-1.79859e-05
0.575000 0.775000	-1.67187e-05
0.600000 0.775000	-1.4292e-05
0.625000 0.775000	-1.06066e-05
0.650000 0.775000	-5.54019e-06
0.675000 0.775000	1.05317e-06
0.700000 0.775000	9.3464e-06
0.725000 0.775000	1.95449e-05
0.750000 0.775000	3.18951e-05
0.775000 0.775000	4.66944e-05
0.800000 0.775000	6.43018e-05
0.825000 0.775000	8.51449e-05
0.850000 0.775000	0.000109717
0.875000 0.775000	0.000127888
0.900000 0.775000	0.000130661
0.925000 0.775000	0.00011688
0.950000 0.775000	8.4977e-05
0.975000 0.775000	4.3634e-05
1.000000 0.775000	0

0.000000 0.800000	0
0.025000 0.800000	3.79362e-05
0.050000 0.800000	7.70098e-05
0.075000 0.800000	0.000109763
0.100000 0.800000	0.000126639
0.125000 0.800000	0.000128012
0.150000 0.800000	0.000113857
0.175000 0.800000	9.41662e-05
0.200000 0.800000	7.69893e-05
0.225000 0.800000	6.19853e-05
0.250000 0.800000	4.88657e-05
0.275000 0.800000	3.73983e-05
0.300000 0.800000	2.73991e-05
0.325000 0.800000	1.87217e-05
0.350000 0.800000	1.12486e-05
0.375000 0.800000	4.88413e-06
0.400000 0.800000	-4.48967e-07
0.425000 0.800000	-4.81226e-06
0.450000 0.800000	-8.2517e-06
0.475000 0.800000	-1.07969e-05
0.500000 0.800000	-1.24596e-05
0.525000 0.800000	-1.32321e-05
0.550000 0.800000	-1.30859e-05
0.575000 0.800000	-1.19703e-05
0.600000 0.800000	-9.81203e-06
0.625000 0.800000	-6.51425e-06
0.650000 0.800000	-1.95588e-06
0.675000 0.800000	4.01047e-06
0.700000 0.800000	1.15623e-05
0.725000 0.800000	2.09134e-05
0.750000 0.800000	3.23241e-05
0.775000 0.800000	4.61146e-05
0.800000 0.800000	6.26828e-05
0.825000 0.800000	8.25233e-05
0.850000 0.800000	0.000106236
0.875000 0.800000	0.000123838
0.900000 0.800000	0.000126473
0.925000 0.800000	0.000113068
0.950000 0.800000	8.20547e-05
0.975000 0.800000	4.20287e-05
1.000000 0.800000	0

0.000000 0.825000	0
0.025000 0.825000	3.57236e-05
0.050000 0.825000	7.27675e-05
0.075000 0.825000	0.000103913
0.100000 0.825000	0.000119835
0.125000 0.825000	0.000120991
0.150000 0.825000	0.000107279
0.175000 0.825000	8.84749e-05
0.200000 0.825000	7.23811e-05
0.225000 0.825000	5.8505e-05
0.250000 0.825000	4.64823e-05
0.275000 0.825000	3.60466e-05
0.300000 0.825000	2.69986e-05
0.325000 0.825000	1.91847e-05
0.350000 0.825000	1.24827e-05
0.375000 0.825000	6.79426e-06
0.400000 0.825000	2.03991e-06
0.425000 0.825000	-1.84316e-06
0.450000 0.825000	-4.90169e-06
0.475000 0.825000	-7.16596e-06
0.500000 0.825000	-8.64878e-06
0.525000 0.825000	-9.34427e-06
0.550000 0.825000	-9.22657e-06
0.575000 0.825000	-8.2488e-06
0.600000 0.825000	-6.34212e-06
0.625000 0.825000	-3.41472e-06
0.650000 0.825000	6.4956e-07
0.675000 0.825000	5.99349e-06
0.700000 0.825000	1.27906e-05
0.725000 0.825000	2.12519e-05
0.750000 0.825000	3.16377e-05
0.775000 0.825000	4.42758e-05
0.800000 0.825000	5.95908e-05
0.825000 0.825000	7.81463e-05
0.850000 0.825000	0.000100692
0.875000 0.825000	0.000117498
0.900000 0.825000	0.000119976
0.925000 0.825000	0.000107199
0.950000 0.825000	7.75955e-05
0.975000 0.825000	3.96011e-05
1.000000 0.825000	0

0.000000 0.850000	0
0.025000 0.850000	3.25308e-05
0.050000 0.850000	6.65568e-05
0.075000 0.850000	9.52567e-05
0.100000 0.850000	0.000109794
0.125000 0.850000	0.000110756
0.150000 0.850000	9.78988e-05
0.175000 0.850000	8.05429e-05
0.200000 0.850000	6.59959e-05
0.225000 0.850000	5.35747e-05
0.250000 0.850000	4.28657e-05
0.275000 0.850000	3.36005e-05
0.300000 0.850000	2.55899e-05
0.325000 0.850000	1.86902e-05
0.350000 0.850000	1.27874e-05
0.375000 0.850000	7.7887e-06
0.400000 0.850000	3.6187e-06
0.425000 0.850000	2.17544e-07
0.450000 0.850000	-2.45948e-06
0.475000 0.850000	-4.44162e-06
0.500000 0.850000	-5.74175e-06
0.525000 0.850000	-6.35541e-06
0.550000 0.850000	-6.25968e-06
0.575000 0.850000	-5.41215e-06
0.600000 0.850000	-3.75002e-06
0.625000 0.850000	-1.18902e-06
0.650000 0.850000	2.37792e-06
0.675000 0.850000	7.08281e-06
0.700000 0.850000	1.30862e-05
0.725000 0.850000	2.05836e-05
0.750000 0.850000	2.98167e-05
0.775000 0.850000	4.10943e-05
0.800000 0.850000	5.48332e-05
0.825000 0.850000	7.1635e-05
0.850000 0.850000	9.24252e-05
0.875000 0.850000	0.000107945
0.900000 0.850000	0.000110147
0.925000 0.850000	9.83392e-05
0.950000 0.850000	7.09349e-05
0.975000 0.850000	3.60335e-05
1.000000 0.850000	0

0.000000 0.875000	0
0.025000 0.875000	2.80629e-05
0.050000 0.875000	5.75691e-05
0.075000 0.875000	8.2396e-05
0.100000 0.875000	9.49377e-05
0.125000 0.875000	9.5872e-05
0.150000 0.875000	8.47882e-05
0.175000 0.875000	7.00093e-05
0.200000 0.875000	5.77222e-05
0.225000 0.875000	4.71773e-05
0.250000 0.875000	3.80364e-05
0.275000 0.875000	3.01011e-05
0.300000 0.875000	2.32301e-05
0.325000 0.875000	1.7311e-05
0.350000 0.875000	1.22502e-05
0.375000 0.875000	7.96874e-06
0.400000 0.875000	4.40074e-06
0.425000 0.875000	1.49308e-06
0.450000 0.875000	-7.94386e-07
0.475000 0.875000	-2.48817e-06
0.500000 0.875000	-3.60029e-06
0.525000 0.875000	-4.12734e-06
0.550000 0.875000	-4.04953e-06
0.575000 0.875000	-3.32979e-06
0.600000 0.875000	-1.91291e-06
0.625000 0.875000	2.75258e-07
0.650000 0.875000	3.32888e-06
0.675000 0.875000	7.36349e-06
0.700000 0.875000	1.25182e-05
0.725000 0.875000	1.89596e-05
0.750000 0.875000	2.68889e-05
0.775000 0.875000	3.65574e-05
0.800000 0.875000	4.83025e-05
0.825000 0.875000	6.26431e-05
0.850000 0.875000	8.05625e-05
0.875000 0.875000	9.37564e-05
0.900000 0.875000	9.5391e-05
0.925000 0.875000	8.50349e-05
0.950000 0.875000	6.1128e-05
0.975000 0.875000	3.09771e-05
1.000000 0.875000	0

0.000000 0.900000	0
0.025000 0.900000	2.22169e-05
0.050000 0.900000	4.4831e-05
0.075000 0.900000	6.29577e-05
0.100000 0.900000	7.27252e-05
0.125000 0.900000	7.39877e-05
0.150000 0.900000	6.66989e-05
0.175000 0.900000	5.68814e-05
0.200000 0.900000	4.77182e-05
0.225000 0.900000	3.94443e-05
0.250000 0.900000	3.20923e-05
0.275000 0.900000	2.56284e-05
0.300000 0.900000	1.99948e-05
0.325000 0.900000	1.51263e-05
0.350000 0.900000	1.09584e-05
0.375000 0.900000	7.43112e-06
0.400000 0.900000	4.49213e-06
0.425000 0.900000	2.09777e-06
0.450000 0.900000	2.14505e-07
0.475000 0.900000	-1.18008e-06
0.500000 0.900000	-2.09633e-06
0.525000 0.900000	-2.53163e-06
0.550000 0.900000	-2.46957e-06
0.575000 0.900000	-1.87919e-06
0.600000 0.900000	-7.14352e-07
0.625000 0.900000	1.08683e-06
0.650000 0.900000	3.60243e-06
0.675000 0.900000	6.92707e-06
0.700000 0.900000	1.11721e-05
0.725000 0.900000	1.64651e-05
0.750000 0.900000	2.29492e-05
0.775000 0.900000	3.07795e-05
0.800000 0.900000	4.01186e-05
0.825000 0.900000	5.11293e-05
0.850000 0.900000	6.39798e-05
0.875000 0.900000	7.25397e-05
0.900000 0.900000	7.31596e-05
0.925000 0.900000	6.49083e-05
0.950000 0.900000	4.68706e-05
0.975000 0.900000	2.43375e-05
1.000000 0.900000	0

0.000000 0.925000	0
0.025000 0.925000	1.5871e-05
0.050000 0.925000	3.0894e-05
0.075000 0.925000	4.28523e-05
0.100000 0.925000	4.98659e-05
0.125000 0.925000	5.14987e-05
0.150000 0.925000	4.83276e-05
0.175000 0.925000	4.27558e-05
0.200000 0.925000	3.66261e-05
0.225000 0.925000	3.06769e-05
0.250000 0.925000	2.51988e-05
0.275000 0.925000	2.0292e-05
0.300000 0.925000	1.59729e-05
0.325000 0.925000	1.22207e-05
0.350000 0.925000	8.99963e-06
0.375000 0.925000	6.2702e-06
0.400000 0.925000	3.99475e-06
0.425000 0.925000	2.14063e-06
0.450000 0.925000	6.82183e-07
0.475000 0.925000	-3.97959e-07
0.500000 0.925000	-1.1079e-06
0.525000 0.925000	-1.44566e-06
0.550000 0.925000	-1.39846e-06
0.575000 0.925000	-9.42188e-07
0.600000 0.925000	-4.09431e-08
0.625000 0.925000	1.3532e-06
0.650000 0.925000	3.30013e-06
0.675000 0.925000	5.87111e-06
0.700000 0.925000	9.14701e-06
0.725000 0.925000	1.32142e-05
0.750000 0.925000	1.81553e-05
0.775000 0.925000	2.40277e-05
0.800000 0.925000	3.08134e-05
0.825000 0.925000	3.82896e-05
0.850000 0.925000	4.56583e-05
0.875000 0.925000	5.03299e-05
0.900000 0.925000	5.02052e-05
0.925000 0.925000	4.43648e-05
0.950000 0.925000	3.28132e-05
0.975000 0.925000	1.74935e-05
1.000000 0.925000	0

0.000000 0.950000	0
0.025000 0.950000	1.01652e-05
0.050000 0.950000	1.95324e-05
0.075000 0.950000	2.69715e-05
0.100000 0.950000	3.1551e-05
0.125000 0.950000	3.299e-05
0.150000 0.950000	3.16746e-05
0.175000 0.950000	2.86681e-05
0.200000 0.950000	2.49625e-05
0.225000 0.950000	2.11445e-05
0.250000 0.950000	1.75121e-05
0.275000 0.950000	1.41989e-05
0.300000 0.950000	1.12526e-05
0.325000 0.950000	8.67837e-06
0.350000 0.950000	6.46149e-06
0.375000 0.950000	4.57973e-06
0.400000 0.950000	3.0095e-06
0.425000 0.950000	1.72941e-06
0.450000 0.950000	7.22225e-07
0.475000 0.950000	-2.38528e-08
0.500000 0.950000	-5.14345e-07
0.525000 0.950000	-7.47846e-07
0.550000 0.950000	-7.15519e-07
0.575000 0.950000	-4.00711e-07
0.600000 0.950000	2.21292e-07
0.625000 0.950000	1.18329e-06
0.650000 0.950000	2.52586e-06
0.675000 0.950000	4.2963e-06
0.700000 0.950000	6.54617e-06
0.725000 0.950000	9.32589e-06
0.750000 0.950000	1.26731e-05
0.775000 0.950000	1.6588e-05
0.800000 0.950000	2.0982e-05
0.825000 0.950000	2.55745e-05
0.850000 0.950000	2.97074e-05
0.875000 0.950000	3.21473e-05
0.900000 0.950000	3.17772e-05
0.925000 0.950000	2.8018e-05
0.950000 0.950000	2.09184e-05
0.975000 0.950000	1.12814e-05
1.000000 0.950000	0

0.000000 0.975000	0
0.025000 0.975000	5.01407e-06
0.050000 0.975000	9.59249e-06
0.075000 0.975000	1.32311e-05
0.100000 0.975000	1.55319e-05
0.125000 0.975000	1.63659e-05
0.150000 0.975000	1.59066e-05
0.175000 0.975000	1.45798e-05
0.200000 0.975000	1.28236e-05
0.225000 0.975000	1.09432e-05
0.250000 0.975000	9.11383e-06
0.275000 0.975000	7.4234e-06
0.300000 0.975000	5.90868e-06
0.325000 0.975000	4.57927e-06
0.350000 0.975000	3.43139e-06
0.375000 0.975000	2.45549e-06
0.400000 0.975000	1.64038e-06
0.425000 0.975000	9.75484e-07
0.450000 0.975000	4.52153e-07
0.475000 0.975000	6.4409e-08
0.500000 0.975000	-1.90535e-07
0.525000 0.975000	-3.11912e-07
0.550000 0.975000	-2.95127e-07
0.575000 0.975000	-1.31568e-07
0.600000 0.975000	1.91505e-07
0.625000 0.975000	6.90918e-07
0.650000 0.975000	1.38731e-06
0.675000 0.975000	2.30435e-06
0.700000 0.975000	3.46702e-06
0.725000 0.975000	4.89789e-06
0.750000 0.975000	6.6094e-06
0.775000 0.975000	8.58847e-06
0.800000 0.975000	1.07672e-05
0.825000 0.975000	1.29733e-05
0.850000 0.975000	1.48657e-05
0.875000 0.975000	1.59199e-05
0.900000 0.975000	1.56467e-05
0.925000 0.975000	1.37742e-05
0.950000 0.975000	1.03191e-05
0.975000 0.975000	5.59159e-06
1.000000 0.975000	0

0.000000 1.000000	0
0.025000 1.000000	0
0.050000 1.000000	0
0.075000 1.000000	0
0.100000 1.000000	0
0.125000 1.000000	0
0.150000 1.000000	0
0.175000 1.000000	0
0.200000 1.000000	0
0.225000 1.000000	0
0.250000 1.000000	0
0.275000 1.000000	0
0.300000 1.000000	0
0.325000 1.000000	0
0.350000 1.000000	0
0.375000 1.000000	0
0.400000 1.000000	0
0.425000 1.000000	0
0.450000 1.000000	0
0.475000 1.000000	0
0.500000 1.000000	0
0.525000 1.000000	0
0.550000 1.000000	0
0.575000 1.000000	0
0.600000 1.000000	0
0.625000 1.000000	0
0.650000 1.000000	0
0.675000 1.000000	0
0.700000 1.000000	0
0.725000 1.000000	0
0.750000 1.000000	0
0.775000 1.000000	0
0.800000 1.000000	0
0.825000 1.000000	0
0.850000 1.000000	0
0.875000 1.000000	0
0.900000 1.000000	0
0.925000 1.000000	0
0.950000 1.000000	0
0.975000 1.000000	0
1.000000 1.000000	0

